(91.11684677921977, 1.2384888975109365, -1.1606242003300737) tassel-eyeshadow
(96.26388551746828, 0.7385379439753259, -0.8372356314348961) peeps-white-eyeshadow
(88.85223638765676, 4.907516875431616, -9.824928903875584) ice-dream
(97.51104002118585, -0.6372634439976155, 5.173887444059311) mighty-morphin-ivory-eyeshadow
(83.6279692683175, 14.176957700391846, 8.287919002003719) ladybug-super-shock-eyeshadow
(63.35750335298121, 24.361912375811258, 27.949385343258193) ladybird
(89.20765319757095, 6.8892363564007635, 14.16679974703985) sailor
(88.5953367843171, 8.387290597576424, 19.144002862369945) la-mesa-eyeshadow
(82.02733806059808, 11.94238740342879, 9.124840336262817) frog
(70.55472738550914, 10.067935938717742, 8.70523030368986) i-heart-this-shadow
(92.09147750889518, 1.1806908657061577, 10.327287003245388) ritz
(77.09865129634501, 16.089735932183103, 20.005309307917287) amaze
(56.935615529026364, 18.09659499146743, 26.784339483565212) a-little-quarky-eyeshadow
(85.05761367298554, 9.76157885581397, 22.60012080174496) peekaboo
(98.4200254180762, 0.8885996845686694, 0.8213348245560192) secret-garden-super-shock-eyeshadow
(63.85110599521863, 26.829199556769545, 17.423672241559053) twitterpated
(74.97501017182526, 22.604177586953544, 31.31425795861873) chirp-super-shock-eyeshadow
(64.7191395536382, 14.22959695597581, 5.830450876003113) bill
(50.373897559061405, 22.86241021630464, 26.588897924140518) basic-instinct-neutral-eyeshadow
(58.17266512410475, 24.084868283083814, 23.567177422015217) deep-dive
(68.47436466830368, 18.994221963534674, 16.526515549614416) sequin
(57.09184285992468, 29.35665319610753, 25.67736702310701) runyon-eyeshadow
(53.489621872577146, 30.27831524376773, 26.49434970330602) dgaf
(42.971483450179996, 17.688641900001134, 16.15534267092903) abbot-kinney-eyeshadow
(64.81625919622306, 17.30914152627672, 25.83835878734766) nillionaire
(45.25653529642623, 14.805733212125084, 27.511200300723303) rosebud-super-shock-eyeshadow
(50.70078689354847, 14.742809994593543, 16.828763291758708) so-quiche-eyeshadow
(55.1999536588598, 33.85134889404573, 14.982359453042072) sweet-tea-super-shock-eyeshadow
(59.65300692825937, 26.431816890871985, 7.8279339263266134) silver-lake-eyeshadow
(55.42552879957684, 31.45616099539422, 9.335693486077389) party-of-five
(70.85246460401515, 33.510597931032, 20.91303113909313) set-to-stun
(70.85246460401515, 33.510597931032, 20.91303113909313) heads-up-super-shock-eyeshadow
(67.17066720328698, 43.68369096570785, 22.136961326909145) for-real-eyeshadow
(59.84698604324643, 66.00637638178858, 0.3455518376539235) peeps-pink-eyeshadow
(55.1538615350713, 35.64510584832947, 19.682767419787893) roy-g-biv
(20.299040513128645, 28.630121085592375, 11.608030074334863) drift
(32.803211043784636, 51.99022248891127, 38.855833149639196) cuteologist
(66.99050435509744, 37.77530877311997, 68.7271798400492) peeps-orange-eyeshadow
(72.28958721574305, 22.762648166599007, 46.139770700076134) lightning-bug
(50.57122019815655, 48.53078609960249, 56.09066986554766) bubble-bee-eyeshadow
(64.81625919622306, 17.30914152627672, 25.83835878734766) peeps-yellow-eyeshadow
(82.06363557893995, -2.59781958432892, 28.662845980446395) pressed-juice-eyeshadow
(81.021869070927, -1.2662871869408843, 63.35921505064217) tankini-eyeshadow
(71.81325378987778, -32.09277867014543, 19.535001359756144) peeps-green-eyeshadow
(49.40063007858856, 4.730869638912505, 41.270139976002405) moonwalk-eyeshadow
(48.65353173785479, 17.69064203800369, 15.18335870182389) rooftop-cocktails-eyeshadow
(69.75775484391023, -17.367980813903504, -4.723177106982335) on-set-eyeshadow
(66.52808348531217, -38.392075872713924, 0.7649456327885495) empire-green-eyeshadow
(69.75775484391023, -17.367980813903504, -4.723177106982335) mint-4-u-mid-tone-mint-green-eyeshadow
(71.96966375862151, 3.155692296621271, -17.184094922635573) moon-daisy-super-shock-eyeshadow
(78.19844648084977, -14.248828580075202, -21.572096986536483) peeps-blue-eyeshadow
(21.02961495656544, -4.702420603688945, -19.21935687373548) coconut
(40.51934717286126, 31.12262636554147, -3.9279494981272034) dreamlover
(42.75105095516622, 37.68518990312908, -9.723133600879908) pug-life-eyeshadow
(61.93755881104266, 37.43818511695651, -24.3556265373686) peeps-lavender-eyeshadow
(68.85367784864131, 14.900151108675763, -24.065168420166373) rose-garden-eyeshadow
(62.83810304441937, 19.709292617897447, -24.93327610019498) ripple-super-shock-shadow
(22.688350956953812, 6.53741419620249, -1.4671526168935967) bae-eyeshadow